18.0 1920 1080 0.10000000149011612 1000.0 1.0 1.0 0.0 0.0 1.893546462059021 MILLIMETERS
-0.20725616812705994 0.4160453975200653 -0.8854101300239563 -8.669302940368652
-0.9782867431640625 -0.08814182877540588 0.1875796765089035 3.1452550888061523
-7.450580596923828e-09 0.9050619006156921 0.4252796769142151 4.057858467102051
0.0 0.0 0.0 1.0
-0.25884702801704407 0.40729331970214844 -0.8758482933044434 -8.654962539672852
-0.9659184217453003 -0.10914655774831772 0.23471002280712128 3.48860502243042
0.0 0.9067518711090088 0.42166441679000854 4.057858467102051
0.0 0.0 0.0 1.0
-0.30854031443595886 0.39681240916252136 -0.8644898533821106 -8.64062213897705
-0.9512113928794861 -0.12871232628822327 0.2804108262062073 3.8319554328918457
0.0 0.9088305234909058 0.4171653687953949 4.057858467102051
0.0 0.0 0.0 1.0
-0.3560459613800049 0.38487911224365234 -0.8515275716781616 -8.62628173828125
-0.9344685077667236 -0.1466444730758667 0.3244442641735077 4.1753058433532715
7.450581485102248e-09 0.9112427234649658 0.4118695557117462 4.057858467102051
0.0 0.0 0.0 1.0
-0.4011480510234833 0.37178516387939453 -0.8371714353561401 -8.61194133758545
-0.916013240814209 -0.16281521320343018 0.3666209876537323 4.518656253814697
-1.4901161193847656e-08 0.9139293432235718 0.40587317943573 4.057858467102051
0.0 0.0 0.0 1.0
-0.44370362162590027 0.35782158374786377 -0.8216390609741211 -8.597600936889648
-0.8961737155914307 -0.17716066539287567 0.40680086612701416 4.862006664276123
1.4901162970204496e-08 0.9168301820755005 0.39927709102630615 4.057858467102051
0.0 0.0 0.0 1.0
-0.4836373031139374 0.343265563249588 -0.805148184299469 -8.583260536193848
-0.8752685189247131 -0.18967437744140625 0.44489169120788574 5.205358028411865
1.4901161193847656e-08 0.919887125492096 0.3921831250190735 4.057858467102051
0.0 0.0 0.0 1.0
-0.5213341116905212 0.3285463750362396 -0.7875708341598511 -8.561311721801758
-0.8533526659011841 -0.20071706175804138 0.4811463952064514 5.547988414764404
0.0 0.922913670539856 0.3850065767765045 4.057858467102051
0.0 0.0 0.0 1.0
-0.5579995512962341 0.31418129801750183 -0.7680666446685791 -8.511026382446289
-0.8298412561416626 -0.21126094460487366 0.5164612531661987 5.887939929962158
-1.4901162970204496e-08 0.9255585670471191 0.37860411405563354 4.057858467102051
0.0 0.0 0.0 1.0
-0.5922075510025024 0.2996082305908203 -0.7480140328407288 -8.46074104309082
-0.8057855367660522 -0.22019539773464203 0.5497487187385559 6.227890491485596
0.0 0.9283042550086975 0.3718213140964508 4.057858467102051
0.0 0.0 0.0 1.0
-0.6239956021308899 0.2850177586078644 -0.7275949120521545 -8.410455703735352
-0.7814278602600098 -0.2275959700345993 0.5810081958770752 6.567841053009033
0.0 0.9311094284057617 0.36473971605300903 4.057858467102051
0.0 0.0 0.0 1.0
-0.6534345149993896 0.27057260274887085 -0.7069750428199768 -8.360170364379883
-0.7569831609725952 -0.23356065154075623 0.6102671027183533 6.907792568206787
2.980232594040899e-08 0.9339377880096436 0.3574354350566864 4.057858467102051
0.0 0.0 0.0 1.0
-0.6814765930175781 0.2565741240978241 -0.6853899359703064 -8.29201889038086
-0.7318398952484131 -0.23891738057136536 0.6382231712341309 7.243815898895264
0.0 0.9365297555923462 0.3505878150463104 4.057858467102051
0.0 0.0 0.0 1.0
-0.7087647318840027 0.24302993714809418 -0.6622604727745056 -8.195079803466797
-0.7054449915885925 -0.24417361617088318 0.6653770208358765 7.573509693145752
1.4901161193847656e-08 0.938784122467041 0.3445058763027191 4.057858467102051
0.0 0.0 0.0 1.0
-0.7340011596679688 0.22969548404216766 -0.6391261219978333 -8.09814453125
-0.679148256778717 -0.24824737012386322 0.6907466053962708 7.903204441070557
-1.4901161193847656e-08 0.9410701990127563 0.3382110893726349 4.057858467102051
0.0 0.0 0.0 1.0
-0.7572711706161499 0.21667253971099854 -0.6161115169525146 -8.00120735168457
-0.6531007289886475 -0.2512320876121521 0.7143821120262146 8.232898712158203
-1.4901162970204496e-08 0.9433637857437134 0.3317597806453705 4.057858467102051
0.0 0.0 0.0 1.0
-0.7794519662857056 0.20412518084049225 -0.5922732949256897 -7.884108543395996
-0.6264621019363403 -0.2539750635623932 0.7369137406349182 8.554645538330078
0.0 0.9454255104064941 0.3258380889892578 4.057858467102051
0.0 0.0 0.0 1.0
-0.8012841939926147 0.19198720157146454 -0.566643238067627 -7.729959964752197
-0.5982840657234192 -0.2571292221546173 0.7589075565338135 8.86178207397461
-1.4901162970204496e-08 0.9471142292022705 0.3208964169025421 4.057858467102051
0.0 0.0 0.0 1.0
-0.8213983178138733 0.18009020388126373 -0.5411767959594727 -7.57581090927124
-0.5703549981117249 -0.25935739278793335 0.7793772220611572 9.168920516967773
-1.4901161193847656e-08 0.9488419890403748 0.3157510757446289 4.057858467102051
0.0 0.0 0.0 1.0
-0.8398650884628296 0.16850785911083221 -0.5159764289855957 -7.421662330627441
-0.5427951812744141 -0.26073160767555237 0.7983685731887817 9.476057052612305
0.0 0.9505914449691772 0.31044459342956543 4.057858467102051
0.0 0.0 0.0 1.0
-0.8584666848182678 0.15738898515701294 -0.48812252283096313 -7.209342956542969
-0.5128692984580994 -0.2634457051753998 0.8170442581176758 9.745658874511719
-1.4901161193847656e-08 0.9517483115196228 0.30687934160232544 4.057858467102051
0.0 0.0 0.0 1.0
-0.8756732940673828 0.1464097648859024 -0.46017447113990784 -6.993015289306641
-0.48290422558784485 -0.2654918432235718 0.8344563841819763 10.012676239013672
0.0 0.9529314041137695 0.30318593978881836 4.057858467102051
0.0 0.0 0.0 1.0
-0.8914070129394531 0.13562743365764618 -0.432433545589447 -6.776688098907471
-0.4532037377357483 -0.2667658030986786 0.8505541086196899 10.279691696166992
-7.450580596923828e-09 0.9541704058647156 0.29926371574401855 4.057858467102051
0.0 0.0 0.0 1.0
-0.9067947864532471 0.12524978816509247 -0.4025367498397827 -6.508935928344727
-0.4215725362300873 -0.26940998435020447 0.8658491373062134 10.494121551513672
0.0 0.9548458456993103 0.2971014082431793 4.057858467102051
0.0 0.0 0.0 1.0
-0.9209136962890625 0.11490087956190109 -0.3724457621574402 -6.237148284912109
-0.38976672291755676 -0.2714798152446747 0.879988968372345 10.704421997070312
-7.450580596923828e-09 0.9555608034133911 0.294793963432312 4.057858467102051
0.0 0.0 0.0 1.0
-0.933752715587616 0.1046711876988411 -0.3422715961933136 -5.9607343673706055
-0.3579188585281372 -0.2730702757835388 0.8929315209388733 10.90719985961914
0.0 0.9562826752662659 0.2924439013004303 4.057858467102051
0.0 0.0 0.0 1.0
-0.9457541704177856 0.0947175845503807 -0.31076952815055847 -5.650413513183594
-0.32488328218460083 -0.27572840452194214 0.9046682119369507 11.054838180541992
0.0 0.9565574526786804 0.29154345393180847 4.057858467102051
0.0 0.0 0.0 1.0
-0.9565058946609497 0.08469114452600479 -0.2791484296321869 -5.340093612670898
-0.2917129695415497 -0.2776961624622345 0.9153077006340027 11.202472686767578
7.450580596923828e-09 0.9569284915924072 0.29032352566719055 4.057858467102051
0.0 0.0 0.0 1.0
-0.966052770614624 0.07474824786186218 -0.247295081615448 -5.022735595703125
-0.2583450675010681 -0.27951279282569885 0.9247325658798218 11.331270217895508
0.0 0.957227885723114 0.2893349230289459 4.057858467102051
0.0 0.0 0.0 1.0
-0.9744856953620911 0.06488486379384995 -0.2148662805557251 -4.691617012023926
-0.22444945573806763 -0.2817087173461914 0.9328786730766296 11.423223495483398
0.0 0.957303524017334 0.2890845537185669 4.057858467102051
0.0 0.0 0.0 1.0
-0.9817093014717102 0.05492893233895302 -0.18229031562805176 -4.360498428344727
-0.1903863400220871 -0.2832358777523041 0.9399629235267639 11.515178680419922
0.0 0.9574758410453796 0.2885129749774933 4.057858467102051
0.0 0.0 0.0 1.0
-0.9877287745475769 0.04500424861907959 -0.14955441653728485 -4.02525520324707
-0.15617910027503967 -0.28462186455726624 0.9458320736885071 11.587625503540039
0.0 0.9575827717781067 0.28815793991088867 4.057858467102051
0.0 0.0 0.0 1.0
-0.9925646781921387 0.035066790878772736 -0.11655745655298233 -3.6852564811706543
-0.12171820551156998 -0.2859560549259186 0.9504807591438293 11.637596130371094
-3.725290298461914e-09 0.9576007723808289 0.28809812664985657 4.057858467102051
0.0 0.0 0.0 1.0
-0.9961937665939331 0.025079794228076935 -0.08348167687654495 -3.3452582359313965
-0.08716758340597153 -0.28662410378456116 0.9540693759918213 11.687562942504883
1.862645371275562e-09 0.9577146768569946 0.2877193093299866 4.057858467102051
0.0 0.0 0.0 1.0
-0.9986163377761841 0.015111052431166172 -0.050369683653116226 -3.0039710998535156
-0.052587542682886124 -0.28695282340049744 0.9565001130104065 11.725347518920898
-9.313225746154785e-10 0.9578254818916321 0.2873503863811493 4.057858467102051
0.0 0.0 0.0 1.0
-0.9998390078544617 0.005151780787855387 -0.01719016395509243 -2.6610472202301025
-0.01794554851949215 -0.28703227639198303 0.9577527642250061 11.7476806640625
0.0 0.9579070210456848 0.28707849979400635 4.057858467102051
0.0 0.0 0.0 1.0
-0.9998621940612793 -0.00475722923874855 0.015909044072031975 -2.318124294281006
0.016605090349912643 -0.2864527404308319 0.9579503536224365 11.770015716552734
4.656613428188905e-10 0.9580824971199036 0.2864922285079956 4.057858467102051
0.0 0.0 0.0 1.0
-0.9986997842788696 -0.014564299024641514 0.048853229731321335 -1.9750360250473022
0.050978004932403564 -0.285326212644577 0.9570737481117249 11.788528442382812
0.0 0.9583197236061096 0.28569769859313965 4.057858467102051
0.0 0.0 0.0 1.0
-0.9963650107383728 -0.02426900342106819 0.081656813621521 -1.6314640045166016
0.08518697321414948 -0.2838554382324219 0.9550754427909851 11.795873641967773
3.725290298461914e-09 0.9585598707199097 0.2848909795284271 4.057858467102051
0.0 0.0 0.0 1.0
-0.9928885698318481 -0.033783920109272 0.11415333300828934 -1.2878930568695068
0.1190476343035698 -0.28176677227020264 0.9520688056945801 11.803216934204102
0.0 0.9588879346847534 0.2837848961353302 4.057858467102051
0.0 0.0 0.0 1.0
-0.9883112907409668 -0.0430501326918602 0.14624452590942383 -0.9443209171295166
0.15244926512241364 -0.279089093208313 0.948086678981781 11.810562133789062
-3.725290298461914e-09 0.9592996835708618 0.2823898494243622 4.057858467102051
0.0 0.0 0.0 1.0
-0.9826701879501343 -0.05205247923731804 0.17790409922599792 -0.6006911396980286
0.18536271154880524 -0.2759476900100708 0.9431295394897461 11.8140869140625
-3.725290298461914e-09 0.9597621560096741 0.28081414103507996 4.057858467102051
0.0 0.0 0.0 1.0
-0.976027250289917 -0.060719989240169525 0.20900729298591614 -0.25705546140670776
0.21764875948429108 -0.2722935676574707 0.9372752904891968 11.817289352416992
0.0 0.9602963924407959 0.2789815366268158 4.057858467102051
0.0 0.0 0.0 1.0
-0.9684480428695679 -0.06900786608457565 0.2394712120294571 0.0865793228149414
0.24921590089797974 -0.26816317439079285 0.9305803775787354 11.820491790771484
0.0 0.9608986377716064 0.27689996361732483 4.057858467102051
0.0 0.0 0.0 1.0
-0.9599420428276062 -0.07699588686227798 0.2694122791290283 0.4300650358200073
0.2801988124847412 -0.26378265023231506 0.9229881763458252 11.8150634765625
-7.450581485102248e-09 0.9615041017532349 0.2747902274131775 4.057858467102051
0.0 0.0 0.0 1.0
-0.9505338072776794 -0.08470030128955841 0.2988499104976654 0.7733805179595947
0.3106210231781006 -0.2591920495033264 0.9145129323005676 11.799930572509766
7.4505797087454084e-09 0.9621046781539917 0.27268046140670776 4.057858467102051
0.0 0.0 0.0 1.0
-0.9403507709503174 -0.09197613596916199 0.327537477016449 1.1166977882385254
0.34020644426345825 -0.25422748923301697 0.9053329825401306 11.784795761108398
0.0 0.9627609848976135 0.27035385370254517 4.057858467102051
0.0 0.0 0.0 1.0
-0.9294687509536743 -0.09880215674638748 0.35542359948158264 1.460014820098877
0.3689008355140686 -0.24893821775913239 0.895512044429779 11.769660949707031
-7.450580596923828e-09 0.9634665250778198 0.26782849431037903 4.057858467102051
0.0 0.0 0.0 1.0
-0.9178430438041687 -0.10533757507801056 0.3827117085456848 1.8020646572113037
0.39694371819496155 -0.24356944859027863 0.8849347233772278 11.743209838867188
7.450581485102248e-09 0.9641461372375488 0.26537156105041504 4.057858467102051
0.0 0.0 0.0 1.0
-0.9051982164382935 -0.11197670549154282 0.40997251868247986 2.140240430831909
0.4249897599220276 -0.23850247263908386 0.8732125759124756 11.68211555480957
-7.450580596923828e-09 0.9646645784378052 0.26348093152046204 4.057858467102051
0.0 0.0 0.0 1.0
-0.8919208645820618 -0.11819881200790405 0.4364701509475708 2.4784162044525146
0.4521915316581726 -0.23314011096954346 0.8609113693237305 11.621017456054688
0.0 0.9652329683303833 0.2613910138607025 4.057858467102051
0.0 0.0 0.0 1.0
-0.8780838847160339 -0.12398920953273773 0.4621637165546417 2.816592216491699
0.4785066843032837 -0.2275264412164688 0.8480936884880066 11.559921264648438
0.0 0.9658458828926086 0.2591169476509094 4.057858467102051
0.0 0.0 0.0 1.0
-0.8633727431297302 -0.12984877824783325 0.48757243156433105 3.1464102268218994
0.5045667886734009 -0.22218644618988037 0.8342934250831604 11.467466354370117
0.0 0.9663190245628357 0.25734707713127136 4.057858467102051
0.0 0.0 0.0 1.0
-0.8478050827980042 -0.1356906145811081 0.5126544833183289 3.470149040222168
0.5303080677986145 -0.21692898869514465 0.8195822834968567 11.352190017700195
-7.450580596923828e-09 0.9667108058929443 0.2558712959289551 4.057858467102051
0.0 0.0 0.0 1.0
-0.831688642501831 -0.14114293456077576 0.5370033383369446 3.7938876152038574
0.5552423000335693 -0.21141578257083893 0.8043688535690308 11.23691177368164
0.0 0.967151403427124 0.25420063734054565 4.057858467102051
0.0 0.0 0.0 1.0
-0.8148858547210693 -0.1465315818786621 0.5607935786247253 4.1081414222717285
0.579621434211731 -0.20600777864456177 0.7884159684181213 11.10129165649414
0.0 0.9675170183181763 0.2528056800365448 4.057858467102051
0.0 0.0 0.0 1.0
-0.7971242666244507 -0.1522061973810196 0.5843168497085571 4.4045538902282715
0.6038153171539307 -0.20093436539173126 0.7713834047317505 10.927413940429688
0.0 0.9677078723907471 0.25207406282424927 4.057858467102051
0.0 0.0 0.0 1.0
-0.7787770628929138 -0.15753823518753052 0.6071967482566833 4.700968265533447
0.6273007988929749 -0.19557948410511017 0.7538184523582458 10.753532409667969
0.0 0.9679515361785889 0.2511366605758667 4.057858467102051
0.0 0.0 0.0 1.0
-0.7597835659980774 -0.16292592883110046 0.629431426525116 4.980363368988037
0.6501760482788086 -0.19039224088191986 0.7355418801307678 10.556367874145508
1.4901159417490817e-08 0.968093991279602 0.2505874037742615 4.057858467102051
0.0 0.0 0.0 1.0
-0.7399792671203613 -0.16859513521194458 0.6511576771736145 5.236032485961914
0.6726297736167908 -0.18547634780406952 0.7163572311401367 10.326740264892578
0.0 0.968077540397644 0.25065070390701294 4.057858467102051
0.0 0.0 0.0 1.0
-0.7195189595222473 -0.1739678680896759 0.6723299026489258 5.491703033447266
0.6944727897644043 -0.18024203181266785 0.6965774893760681 10.097114562988281
7.450580596923828e-09 0.9681156873703003 0.2505034804344177 4.057858467102051
0.0 0.0 0.0 1.0
-0.6985483169555664 -0.17963890731334686 0.6926470994949341 5.714953899383545
0.7155628800392151 -0.17536745965480804 0.6761773824691772 9.837820053100586
0.0 0.9679751992225647 0.2510455548763275 4.057858467102051
0.0 0.0 0.0 1.0
-0.6768813729286194 -0.1853913813829422 0.7123633623123169 5.921085357666016
0.7360921502113342 -0.17047861218452454 0.6550613045692444 9.562854766845703
-7.450580596923828e-09 0.9677639007568359 0.2518589198589325 4.057858467102051
0.0 0.0 0.0 1.0
-0.6544751524925232 -0.19088441133499146 0.7315909266471863 6.127213954925537
0.7560834884643555 -0.1652318835258484 0.6332741379737854 9.28788948059082
-1.4901161193847656e-08 0.9676060080528259 0.2524647116661072 4.057858467102051
0.0 0.0 0.0 1.0
-0.6318635940551758 -0.1968809813261032 0.749657392501831 6.286036491394043
0.7750797271728516 -0.160502091050148 0.6111387014389038 8.983505249023438
-7.450581485102248e-09 0.967200517654419 0.2540138363838196 4.057858467102051
0.0 0.0 0.0 1.0
-0.6084394454956055 -0.2027273178100586 0.7672698497772217 6.441506385803223
0.79360032081604 -0.155427485704422 0.5882523059844971 8.677032470703125
7.450580596923828e-09 0.9668214917182922 0.2554526627063751 4.057858467102051
0.0 0.0 0.0 1.0
-0.5843286514282227 -0.20844240486621857 0.784290611743927 6.589674472808838
0.8115171790122986 -0.15008783340454102 0.5647242665290833 8.367494583129883
-7.450580596923828e-09 0.9664498567581177 0.25685518980026245 4.057858467102051
0.0 0.0 0.0 1.0
-0.5600221753120422 -0.21452072262763977 0.8002223968505859 6.69966983795166
0.828477680683136 -0.14500856399536133 0.5409225821495056 8.041925430297852
-7.450581485102248e-09 0.9658949971199036 0.2589336037635803 4.057858467102051
0.0 0.0 0.0 1.0
-0.5348084568977356 -0.22039082646369934 0.8157252669334412 6.809664249420166
0.8449733257293701 -0.13949182629585266 0.5162964463233948 7.716352939605713
7.450580596923828e-09 0.9653858542442322 0.2608257532119751 4.057858467102051
0.0 0.0 0.0 1.0
-0.5089418292045593 -0.22617240250110626 0.8305565714836121 6.909455299377441
0.8608009815216064 -0.13372264802455902 0.4910600781440735 7.387963771820068
-7.450580596923828e-09 0.9648648500442505 0.2627464830875397 4.057858467102051
0.0 0.0 0.0 1.0
-0.4827389121055603 -0.23215404152870178 0.8444333076477051 6.982058048248291
0.8757643103599548 -0.127967968583107 0.4654686152935028 7.052073001861572
0.0 0.9642242789268494 0.2650873363018036 4.057858467102051
0.0 0.0 0.0 1.0
-0.45560207962989807 -0.23788928985595703 0.8578084707260132 7.054661750793457
0.8901835680007935 -0.12175337225198746 0.43903228640556335 6.716179370880127
0.0 0.9636309742927551 0.26723623275756836 4.057858467102051
0.0 0.0 0.0 1.0
-0.4277345836162567 -0.24345488846302032 0.8705014586448669 7.12030029296875
0.9039044380187988 -0.11520474404096603 0.4119280278682709 6.379088878631592
7.450580596923828e-09 0.9630459547042847 0.269336998462677 4.057858467102051
0.0 0.0 0.0 1.0
-0.39946016669273376 -0.24911749362945557 0.8822539448738098 7.1638970375061035
0.9167506694793701 -0.10854915529489517 0.3844287395477295 6.038217067718506
-7.450581485102248e-09 0.9623706936836243 0.2717396318912506 4.057858467102051
0.0 0.0 0.0 1.0
-0.37026840448379517 -0.25446251034736633 0.8933924436569214 7.207495212554932
0.9289249181747437 -0.10142847895622253 0.3561052083969116 5.6973443031311035
7.450581485102248e-09 0.9617488384246826 0.2739323377609253 4.057858467102051
0.0 0.0 0.0 1.0
-0.34024080634117126 -0.25946396589279175 0.9038332104682922 7.249904155731201
0.9403384327888489 -0.09388134628534317 0.327032208442688 5.356357097625732
0.0 0.961178719997406 0.2759261727333069 4.057858467102051
0.0 0.0 0.0 1.0
-0.30981943011283875 -0.26448675990104675 0.9132680296897888 7.272027969360352
0.9507954120635986 -0.08618377894163132 0.2975910007953644 5.013418674468994
7.450580596923828e-09 0.9605305790901184 0.27817419171333313 4.057858467102051
0.0 0.0 0.0 1.0
-0.2785605192184448 -0.26909339427948 0.9219504594802856 7.294151306152344
0.960418701171875 -0.07804803550243378 0.26740315556526184 4.670482158660889
-7.450580596923828e-09 0.9599464535713196 0.2801833748817444 4.057858467102051
0.0 0.0 0.0 1.0
-0.24653789401054382 -0.27323392033576965 0.9298183917999268 7.316275596618652
0.969133198261261 -0.06950800865888596 0.23653657734394073 4.327544689178467
7.450580596923828e-09 0.9594330787658691 0.2819364368915558 4.057858467102051
0.0 0.0 0.0 1.0
-0.21402040123939514 -0.2771246135234833 0.9366947412490845 7.327445983886719
0.9768292903900146 -0.060717176645994186 0.20522701740264893 3.9841408729553223
0.0 0.9589136242866516 0.28369811177253723 4.057858467102051
0.0 0.0 0.0 1.0
-0.1809079349040985 -0.28058144450187683 0.9426272511482239 7.334536552429199
0.983500063419342 -0.05161099508404732 0.17338967323303223 3.640564441680908
3.725290742551124e-09 0.9584415555000305 0.2852886915206909 4.057858467102051
0.0 0.0 0.0 1.0
-0.1472180336713791 -0.2834683358669281 0.9476140141487122 7.34162712097168
0.989104151725769 -0.042191360145807266 0.14104264974594116 3.296988010406494
-3.725290742551124e-09 0.958052933216095 0.2865909934043884 4.057858467102051
0.0 0.0 0.0 1.0
-0.11311722546815872 -0.2858787775039673 0.9515658617019653 7.343698501586914
0.9935816526412964 -0.03254671022295952 0.10833381116390228 2.9534378051757812
1.862645371275562e-09 0.9577127695083618 0.2877255082130432 4.057858467102051
0.0 0.0 0.0 1.0
-0.07873575389385223 -0.28799861669540405 0.9543884992599487 7.332931995391846
0.9968954920768738 -0.022746404632925987 0.07537850737571716 2.6099557876586914
0.0 0.9573606252670288 0.28889548778533936 4.057858467102051
0.0 0.0 0.0 1.0
-0.04399503767490387 -0.2894732654094696 0.9561744332313538 7.32216739654541
0.9990317821502686 -0.012747730128467083 0.04210769757628441 2.266476631164551
0.0 0.9571011662483215 0.28975382447242737 4.057858467102051
0.0 0.0 0.0 1.0
-0.009016844443976879 -0.29028037190437317 0.9568991661071777 7.3114013671875
0.999959409236908 -0.0026175191160291433 0.008628561161458492 1.9229936599731445
-2.3283064365386963e-10 0.9569379687309265 0.2902922034263611 4.057858467102051
0.0 0.0 0.0 1.0
0.026071365922689438 -0.2904062867164612 0.9565481543540955 7.300635814666748
0.9996601343154907 0.00757386302575469 -0.024946995079517365 1.5795116424560547
-4.656612873077393e-10 0.9568734169006348 0.2905050218105316 4.057858467102051
0.0 0.0 0.0 1.0
0.06114039942622185 -0.2898469567298889 0.9551180601119995 7.289870262145996
0.9981292486190796 0.01775457337498665 -0.058505747467279434 1.2360296249389648
-1.862645149230957e-09 0.9569082856178284 0.2903902232646942 4.057858467102051
0.0 0.0 0.0 1.0
0.09606070071458817 -0.2886081039905548 0.9526162147521973 7.279104709625244
0.9953755140304565 0.027852702885866165 -0.09193412959575653 0.8925509452819824
0.0 0.9570420384407043 0.289948970079422 4.057858467102051
0.0 0.0 0.0 1.0
0.1308584064245224 -0.2874301075935364 0.9488202333450317 7.241072177886963
0.9914011359214783 0.03793887794017792 -0.12523800134658813 0.5511445999145508
-3.725290298461914e-09 0.9570499658584595 0.2899231016635895 4.057858467102051
0.0 0.0 0.0 1.0
0.16547663509845734 -0.28566837310791016 0.9439337253570557 7.199720859527588
0.9862136840820312 0.047932252287864685 -0.15838247537612915 0.209991455078125
-3.7252898543727042e-09 0.9571291208267212 0.2896617352962494 4.057858467102051
0.0 0.0 0.0 1.0
0.19978289306163788 -0.2832496464252472 0.9380065202713013 7.158370018005371
0.9798402190208435 0.05775272101163864 -0.19125327467918396 -0.13116216659545898
-3.725290298461914e-09 0.9573057293891907 0.28907737135887146 4.057858467102051
0.0 0.0 0.0 1.0
0.23365595936775208 -0.2801990211009979 0.9310710430145264 7.117019176483154
0.9723193645477295 0.06733401864767075 -0.22374366223812103 -0.47231531143188477
0.0 0.9575774073600769 0.28817594051361084 4.057858467102051
0.0 0.0 0.0 1.0
0.26698145270347595 -0.2765498459339142 0.9231688976287842 7.075667381286621
0.9637017250061035 0.07661465555429459 -0.2557523250579834 -0.8134689331054688
0.0 0.9579406380653381 0.2869662046432495 4.057858467102051
0.0 0.0 0.0 1.0
0.2999592423439026 -0.2729591429233551 0.9140666127204895 7.008910655975342
0.9539520740509033 0.08582885563373566 -0.2874176800251007 -1.1499865055084229
0.0 0.9581892490386963 0.28613510727882385 4.057858467102051
0.0 0.0 0.0 1.0
0.3325679302215576 -0.2691531181335449 0.9038556218147278 6.927109718322754
0.9430793523788452 0.09491428732872009 -0.31873607635498047 -1.483755350112915
0.0 0.9584088921546936 0.2853982150554657 4.057858467102051
0.0 0.0 0.0 1.0
0.3645678162574768 -0.2647884786128998 0.8927358388900757 6.845308303833008
0.9311769008636475 0.10366813838481903 -0.3495176434516907 -1.8175275325775146
-7.450580596923828e-09 0.9587178230285645 0.2843589782714844 4.057858467102051
0.0 0.0 0.0 1.0
0.3958593010902405 -0.259907066822052 0.8807631134986877 6.7635064125061035
0.9183112382888794 0.11203894764184952 -0.3796733021736145 -2.1512997150421143
7.450580596923828e-09 0.9591118693351746 0.2830272316932678 4.057858467102051
0.0 0.0 0.0 1.0
0.4265444278717041 -0.2549399733543396 0.8677933812141418 6.664821624755859
0.9044667482376099 0.12022911012172699 -0.40924933552742004 -2.479475259780884
-7.450581485102248e-09 0.9594532251358032 0.28186774253845215 4.057858467102051
0.0 0.0 0.0 1.0
0.4569448232650757 -0.25026780366897583 0.8535615801811218 6.531052112579346
0.8894951343536377 0.128565713763237 -0.4384852945804596 -2.7960212230682373
0.0 0.9596024751663208 0.28135940432548523 4.057858467102051
0.0 0.0 0.0 1.0
0.4866710901260376 -0.2450912892818451 0.8384994268417358 6.397283554077148
0.8735852837562561 0.13653944432735443 -0.46712490916252136 -3.112567186355591
-7.450581485102248e-09 0.9598369598388672 0.28055790066719055 4.057858467102051
0.0 0.0 0.0 1.0
0.5156336426734924 -0.23945315182209015 0.8226688504219055 6.263514995574951
0.856809139251709 0.14410455524921417 -0.49508777260780334 -3.4291133880615234
-7.450580596923828e-09 0.960154116153717 0.2794708013534546 4.057858467102051
0.0 0.0 0.0 1.0
0.5440875291824341 -0.23451454937458038 0.8055877089500427 6.08079195022583
0.8390285968780518 0.15207639336585999 -0.5224019885063171 -3.7187952995300293
-7.450581485102248e-09 0.9601435661315918 0.27950721979141235 4.057858467102051
0.0 0.0 0.0 1.0
0.5720270872116089 -0.2293456494808197 0.7875185608863831 5.885635852813721
0.8202348351478577 0.1599443405866623 -0.5492109656333923 -4.001651287078857
1.4901162970204496e-08 0.9601136445999146 0.279609739780426 4.057858467102051
0.0 0.0 0.0 1.0
0.5993092656135559 -0.22368071973323822 0.7686321139335632 5.6904778480529785
0.8005176186561584 0.16745904088020325 -0.5754380822181702 -4.284510135650635
1.4901161193847656e-08 0.9601688981056213 0.2794201076030731 4.057858467102051
0.0 0.0 0.0 1.0
0.6255977749824524 -0.2189655601978302 0.7487866282463074 5.443909168243408
0.7801457643508911 0.17558817565441132 -0.6004509329795837 -4.522002220153809
0.0 0.9598035216331482 0.2806726098060608 4.057858467102051
0.0 0.0 0.0 1.0
0.6513993144035339 -0.21394848823547363 0.7279456257820129 5.187531471252441
0.7587351202964783 0.1836818903684616 -0.6249655485153198 -4.7508392333984375
1.4901162970204496e-08 0.9594200253486633 0.2819804847240448 4.057858467102051
0.0 0.0 0.0 1.0
0.6763849854469299 -0.20880423486232758 0.7063314914703369 4.920137882232666
0.7365483641624451 0.1917484998703003 -0.6486362814903259 -4.963868141174316
0.0 0.958975076675415 0.28349021077156067 4.057858467102051
0.0 0.0 0.0 1.0
0.7000319957733154 -0.20448435842990875 0.6842084527015686 4.616690158843994
0.7141114473342896 0.2004527449607849 -0.6707186102867126 -5.125160217285156
0.0 0.958125650882721 0.2863479256629944 4.057858467102051
0.0 0.0 0.0 1.0
0.7234099507331848 -0.19951072335243225 0.6609640121459961 4.313242435455322
0.6904187202453613 0.20904423296451569 -0.6925477385520935 -5.286451816558838
-1.4901161193847656e-08 0.9573379158973694 0.28897058963775635 4.057858467102051
0.0 0.0 0.0 1.0
0.7451412677764893 -0.19524137675762177 0.6376874446868896 3.989102840423584
0.6669067144393921 0.21814505755901337 -0.7124942541122437 -5.396806240081787
-1.4901161193847656e-08 0.9561869502067566 0.2927566468715668 4.057858467102051
0.0 0.0 0.0 1.0
0.7663668990135193 -0.1906423568725586 0.6134632229804993 3.6591525077819824
0.6424030661582947 0.22743041813373566 -0.7318426370620728 -5.492871284484863
1.4901159417490817e-08 0.9549506902694702 0.2967643737792969 4.057858467102051
0.0 0.0 0.0 1.0
0.7868683338165283 -0.18577423691749573 0.5884948968887329 3.325591802597046
0.6171210408210754 0.23687386512756348 -0.7503681182861328 -5.571805000305176
0.0 0.9536134004592896 0.30103373527526855 4.057858467102051
0.0 0.0 0.0 1.0
0.80622798204422 -0.18106165528297424 0.5632168054580688 2.9849395751953125
0.5916050672531128 0.24674730002880096 -0.7675409317016602 -5.617096900939941
0.0 0.9520148038864136 0.3060515820980072 4.057858467102051
0.0 0.0 0.0 1.0
0.8254179954528809 -0.1755247265100479 0.5365409851074219 2.644287347793579
0.5645221471786499 0.256644070148468 -0.7845052480697632 -5.662388324737549
0.0 0.9504339098930359 0.3109261989593506 4.057858467102051
0.0 0.0 0.0 1.0
0.8435498476028442 -0.16992098093032837 0.5094610452651978 2.3013267517089844
0.5370510220527649 0.2668960690498352 -0.8002141118049622 -5.680297374725342
0.0 0.9486269950866699 0.3163963556289673 4.057858467102051
0.0 0.0 0.0 1.0
0.8612747192382812 -0.16356267035007477 0.48109573125839233 1.9578988552093506
0.5081396102905273 0.2772316336631775 -0.8154364228248596 -5.692667007446289
0.0 0.9467785358428955 0.32188525795936584 4.057858467102051
0.0 0.0 0.0 1.0
0.8785228729248047 -0.1563621163368225 0.4513852000236511 1.6144237518310547
0.47770050168037415 0.28756025433540344 -0.8301272392272949 -5.700987815856934
0.0 0.9449125528335571 0.32732251286506653 4.057858467102051
0.0 0.0 0.0 1.0
0.8949979543685913 -0.14851243793964386 0.42062175273895264 1.2707934379577637
0.44607019424438477 0.2979762554168701 -0.8439380526542664 -5.697208881378174
0.0 0.9429497122764587 0.3329351246356964 4.057858467102051
0.0 0.0 0.0 1.0
0.9108934998512268 -0.1396079808473587 0.3883073627948761 0.9271633625030518
0.4126415550708771 0.3081803023815155 -0.8571765422821045 -5.693430423736572
7.450581485102248e-09 0.9410282969474792 0.33832746744155884 4.057858467102051
0.0 0.0 0.0 1.0
0.9260320663452148 -0.12963901460170746 0.3544832468032837 0.5835399627685547
0.37744492292404175 0.3180593252182007 -0.8696973323822021 -5.689149856567383
0.0 0.9391655325889587 0.3434647023677826 4.057858467102051
0.0 0.0 0.0 1.0
0.940243124961853 -0.11859337240457535 0.3191840350627899 0.23992425203323364
0.3405038118362427 0.32747533917427063 -0.8813722133636475 -5.684558868408203
0.0 0.9373875856399536 0.3482879102230072 4.057858467102051
0.0 0.0 0.0 1.0
0.9533500075340271 -0.10647822171449661 0.2824646830558777 -0.10369852185249329
0.30186739563941956 0.3362768292427063 -0.892072856426239 -5.679967880249023
-7.450580596923828e-09 0.9357243776321411 0.3527317941188812 4.057858467102051
0.0 0.0 0.0 1.0
0.9650024175643921 -0.09371648728847504 0.24492374062538147 -0.44669923186302185
0.2622411847114563 0.3448604941368103 -0.9012771844863892 -5.659019470214844
7.450581485102248e-09 0.9339637756347656 0.35736751556396484 4.057858467102051
0.0 0.0 0.0 1.0
0.9752684235572815 -0.07991664111614227 0.2060701996088028 -0.7896833419799805
0.2210240215063095 0.35263216495513916 -0.9092847108840942 -5.637633323669434
-7.450581485102248e-09 0.9323431849479675 0.3615744709968567 4.057858467102051
0.0 0.0 0.0 1.0
0.983902633190155 -0.0653461441397667 0.16632959246635437 -1.13154935836792
0.17870549857616425 0.35977762937545776 -0.915764331817627 -5.606719970703125
0.0 0.9307469129562378 0.3656638562679291 4.057858467102051
0.0 0.0 0.0 1.0
0.9907196164131165 -0.05034087970852852 0.1262560486793518 -1.4702072143554688
0.13592204451560974 0.36692869663238525 -0.9202653765678406 -5.548357963562012
0.0 0.9288858771324158 0.37036585807800293 4.057858467102051
0.0 0.0 0.0 1.0
0.9957899451255798 -0.03433329239487648 0.08499300479888916 -1.8088650703430176
0.09166563302278519 0.3729723393917084 -0.9233032464981079 -5.48999547958374
0.0 0.9272069334983826 0.3745492398738861 4.057858467102051
0.0 0.0 0.0 1.0
0.9989141225814819 -0.017643412575125694 0.04311972111463547 -2.1447978019714355
0.04658970609307289 0.3782864212989807 -0.9245153069496155 -5.419268608093262
0.0 0.9255203008651733 0.37869763374328613 4.057858467102051
0.0 0.0 0.0 1.0
0.9999995827674866 -0.0003480024461168796 0.0008391090668737888 -2.4766159057617188
0.0009084106422960758 0.38308921456336975 -0.923710823059082 -5.329869270324707
0.0 0.9237112402915955 0.3830893635749817 4.057858467102051
0.0 0.0 0.0 1.0
0.9989446997642517 0.017768604680895805 -0.04235401749610901 -2.8084306716918945
-0.04593023657798767 0.38645246624946594 -0.9211649298667908 -5.240471363067627
-1.862645149230957e-09 0.9221381545066833 0.3868606984615326 4.057858467102051
0.0 0.0 0.0 1.0
0.9956400394439697 0.03642813861370087 -0.08587142080068588 -3.1364753246307373
-0.0932786762714386 0.38882747292518616 -0.9165763854980469 -5.1390790939331055
-3.725290298461914e-09 0.9205899834632874 0.3905302584171295 4.057858467102051
0.0 0.0 0.0 1.0
0.990010142326355 0.055588025599718094 -0.12957647442817688 -3.4597017765045166
-0.1409967988729477 0.39031174778938293 -0.9098222255706787 -5.022371768951416
3.725290742551124e-09 0.9190029501914978 0.39425036311149597 4.057858467102051
0.0 0.0 0.0 1.0
0.9819095134735107 0.07521732896566391 -0.17377033829689026 -3.782927989959717
-0.18935096263885498 0.3900514543056488 -0.901113748550415 -4.905664443969727
7.450580596923828e-09 0.9177157282829285 0.39723771810531616 4.057858467102051
0.0 0.0 0.0 1.0
0.9713261723518372 0.09510352462530136 -0.2179013043642044 -4.101720809936523
-0.2377512902021408 0.3885427415370941 -0.8902295827865601 -4.778055667877197
0.0 0.9165094494819641 0.4000127613544464 4.057858467102051
0.0 0.0 0.0 1.0
0.9582201838493347 0.1151989996433258 -0.2618076503276825 -4.41464900970459
-0.2860316038131714 0.3859224319458008 -0.877068817615509 -4.636030197143555
0.0 0.9153103232383728 0.4027492105960846 4.057858467102051
0.0 0.0 0.0 1.0
0.9424844980239868 0.13525544106960297 -0.305661678314209 -4.727576732635498
-0.3342500925064087 0.38137954473495483 -0.8618737459182739 -4.494004726409912
0.0 0.9144700169563293 0.4046534299850464 4.057858467102051
0.0 0.0 0.0 1.0
0.9242051243782043 0.15515978634357452 -0.3489561080932617 -5.0351786613464355
-0.3818964958190918 0.37549299001693726 -0.8444879651069641 -4.341401100158691
0.0 0.9137452244758606 0.4062875211238861 4.057858467102051
0.0 0.0 0.0 1.0
0.9033882021903992 0.1748952865600586 -0.3915371596813202 -5.335628032684326
-0.42882364988327026 0.3684459328651428 -0.8248379826545715 -4.174598217010498
0.0 0.9130492806434631 0.407848984003067 4.057858467102051
0.0 0.0 0.0 1.0
0.8800299167633057 0.1940106749534607 -0.433482825756073 -5.636080741882324
-0.47491854429244995 0.35950416326522827 -0.8032490015029907 -4.007792949676514
0.0 0.9127521514892578 0.408513605594635 4.057858467102051
0.0 0.0 0.0 1.0
0.8542926907539368 0.21260127425193787 -0.47432559728622437 -5.92894983291626
-0.519792377948761 0.3494158685207367 -0.779566764831543 -3.828632116317749
0.0 0.9125290513038635 0.4090118408203125 4.057858467102051
0.0 0.0 0.0 1.0
0.8261989951133728 0.23064306378364563 -0.5140028595924377 -6.213718414306641
-0.5633783936500549 0.3382399082183838 -0.7537894248962402 -3.636272430419922
-1.4901161193847656e-08 0.9123581647872925 0.409392774105072 4.057858467102051
0.0 0.0 0.0 1.0
0.7958980202674866 0.24753491580486298 -0.5525149703025818 -6.498486518859863
-0.6054307818412781 0.32540881633758545 -0.7263349890708923 -3.4439125061035156
-1.4901162970204496e-08 0.9125981330871582 0.40885746479034424 4.057858467102051
0.0 0.0 0.0 1.0
0.7635265588760376 0.2638445198535919 -0.5894176959991455 -6.7696943283081055
-0.6457764506340027 0.3119535744190216 -0.6968913674354553 -3.2335033416748047
-1.4901162970204496e-08 0.9127271175384521 0.40856945514678955 4.057858467102051
0.0 0.0 0.0 1.0
0.7291320562362671 0.27921220660209656 -0.6248254776000977 -7.033736705780029
-0.6843730807304382 0.29747310280799866 -0.665690004825592 -3.013554811477661
0.0 0.9129897356033325 0.4079824686050415 4.057858467102051
0.0 0.0 0.0 1.0
0.6930162310600281 0.2930523157119751 -0.6586719751358032 -7.297775745391846
-0.7209219932556152 0.2817087173461914 -0.633175790309906 -2.793609142303467
0.0 0.913652241230011 0.40649664402008057 4.057858467102051
0.0 0.0 0.0 1.0
0.655037522315979 0.30695074796676636 -0.6904396414756775 -7.5332183837890625
-0.7555963397026062 0.26610010862350464 -0.5985522270202637 -2.5433263778686523
1.4901162970204496e-08 0.9137678742408752 0.4062364399433136 4.057858467102051
0.0 0.0 0.0 1.0
0.6154863238334656 0.3192862570285797 -0.720578134059906 -7.7683186531066895
-0.7881476283073425 0.2493395060300827 -0.5627194046974182 -2.292680501937866
1.4901161193847656e-08 0.9142679572105408 0.4051097631454468 4.057858467102051
0.0 0.0 0.0 1.0
0.5744904279708862 0.33112403750419617 -0.7485436201095581 -7.981111526489258
-0.818511426448822 0.23240679502487183 -0.5253819823265076 -2.0242104530334473
1.4901162970204496e-08 0.9145183563232422 0.40454423427581787 4.057858467102051
0.0 0.0 0.0 1.0
0.5318873524665833 0.34244993329048157 -0.7744829058647156 -8.173696517944336
-0.8468152284622192 0.21509389579296112 -0.48645520210266113 -1.7395923137664795
-1.4901162970204496e-08 0.9145832061767578 0.40439754724502563 4.057858467102051
0.0 0.0 0.0 1.0
0.48810410499572754 0.35296380519866943 -0.7982298135757446 -8.34798812866211
-0.8727854490280151 0.19739453494548798 -0.4464089572429657 -1.4452428817749023
-1.4901161193847656e-08 0.9145774841308594 0.4044106900691986 4.057858467102051
0.0 0.0 0.0 1.0
0.4429628551006317 0.36414724588394165 -0.8192561268806458 -8.476409912109375
-0.8965399861335754 0.17991802096366882 -0.4047784209251404 -1.126490831375122
0.0 0.9137976765632629 0.4061695337295532 4.057858467102051
0.0 0.0 0.0 1.0
0.39686354994773865 0.3747622072696686 -0.8378857374191284 -8.580830574035645
-0.9178776144981384 0.1620362550020218 -0.36227738857269287 -0.8017961978912354
0.0 0.9128512740135193 0.4082920551300049 4.057858467102051
0.0 0.0 0.0 1.0
0.35042425990104675 0.3870144188404083 -0.8528907299041748 -8.616065979003906
-0.9365911483764648 0.14480090141296387 -0.31910786032676697 -0.4599571228027344
7.450581485102248e-09 0.9106329083442688 0.4132160246372223 4.057858467102051
0.0 0.0 0.0 1.0
0.30261173844337463 0.39722776412963867 -0.8663925528526306 -8.633763313293457
-0.9531139135360718 0.126119002699852 -0.2750778794288635 -0.11814117431640625
-7.450580596923828e-09 0.9090126752853394 0.4167683720588684 4.045212268829346
0.0 0.0 0.0 1.0
0.25383514165878296 0.404824823141098 -0.8784556984901428 -8.622044563293457
-0.9672475457191467 0.10623832792043686 -0.23053346574306488 0.22363519668579102
-7.450580596923828e-09 0.9082016348838806 0.4185328185558319 4.011353492736816
0.0 0.0 0.0 1.0
0.2040276825428009 0.40390634536743164 -0.8917579650878906 -8.623862266540527
-0.978965163230896 0.08417876064777374 -0.18585269153118134 0.5548734664916992
0.0 0.9109190702438354 0.41258499026298523 3.927619695663452
0.0 0.0 0.0 1.0
0.15418721735477448 0.3953900933265686 -0.905479371547699 -8.636214256286621
-0.9880416989326477 0.061701949685811996 -0.14130309224128723 0.8744640350341797
0.0 0.9164384603500366 0.4001755118370056 3.8058674335479736
0.0 0.0 0.0 1.0
0.1072661429643631 0.37634173035621643 -0.9202502965927124 -8.664390563964844
-0.9942304491996765 0.04060298949480057 -0.09928452968597412 1.1677861213684082
0.0 0.9255907535552979 0.37852567434310913 3.6290509700775146
0.0 0.0 0.0 1.0
0.06512396037578583 0.3484804332256317 -0.935050904750824 -8.705341339111328
-0.9978772401809692 0.022742701694369316 -0.06102374941110611 1.4285969734191895
1.862645149230957e-09 0.9370400905609131 0.34922176599502563 3.410383462905884
0.0 0.0 0.0 1.0
0.026720412075519562 0.31492772698402405 -0.9487393498420715 -8.75358772277832
-0.9996429681777954 0.008418003097176552 -0.025359760969877243 1.667065143585205
-9.313225746154785e-10 0.9490783214569092 0.3150402009487152 3.168698787689209
0.0 0.0 0.0 1.0
-0.008285691030323505 0.27708151936531067 -0.9608106017112732 -8.807249069213867
-0.9999656677246094 -0.0022958905901759863 0.007961252704262733 1.8870759010314941
0.0 0.9608436226844788 0.27709099650382996 2.9103496074676514
0.0 0.0 0.0 1.0
-0.04045270383358002 0.2363387644290924 -0.9708281755447388 -8.864529609680176
-0.9991814494132996 -0.00956837460398674 0.03930479660630226 2.0930309295654297
0.0 0.9716234803199768 0.23653237521648407 2.6412808895111084
0.0 0.0 0.0 1.0
-0.07192609459161758 0.1948234587907791 -0.9781975150108337 -8.921809196472168
-0.9974099397659302 -0.014049278572201729 0.07054062932729721 2.2989864349365234
9.313224635931761e-10 0.9807376861572266 0.19532935321331024 2.3722121715545654
0.0 0.0 0.0 1.0
-0.10388421267271042 0.15391597151756287 -0.9826076626777649 -8.977025985717773
