18.0 1200 680 0.10000000149011612 1000.0 1.0 1.0 0.0 0.0 1.5707963705062866 MILLIMETERS
0.9880285859107971 -0.13249170780181885 0.07902893424034119 3.663792610168457
0.09989002346992493 0.15904048085212708 -0.9822057485580444 -12.281485557556152
0.11756531894207001 0.9783415794372559 0.17037111520767212 4.300191879272461
0.0 0.0 0.0 1.0
0.9884364604949951 -0.13523584604263306 0.0685919001698494 3.152566432952881
0.09081050008535385 0.1656637042760849 -0.9819924831390381 -12.382187843322754
0.12143735587596893 0.9768658876419067 0.17602886259555817 4.53415584564209
0.0 0.0 0.0 1.0
0.9889273643493652 -0.13908405601978302 0.05175316333770752 2.64133882522583
0.07612986862659454 0.17611899971961975 -0.9814205765724182 -12.482891082763672
0.12738525867462158 0.9744935631752014 0.1847573220729828 4.768119812011719
0.0 0.0 0.0 1.0
0.9892572164535522 -0.14329186081886292 0.028943181037902832 2.116119861602783
0.05619557946920395 0.18997856974601746 -0.9801786541938782 -12.519012451171875
0.13495303690433502 0.971275269985199 0.19599005579948425 4.989487648010254
0.0 0.0 0.0 1.0
0.9891301989555359 -0.14704115688800812 0.0006182790384627879 1.5906052589416504
0.031355857849121094 0.2068159282207489 -0.9778773784637451 -12.553340911865234
0.14366032183170319 0.9672673344612122 0.20917856693267822 5.210476875305176
0.0 0.0 0.0 1.0
0.9882218837738037 -0.14949272572994232 -0.032703105360269547 1.0588312149047852
0.0019784867763519287 0.22617048025131226 -0.974085807800293 -12.524286270141602
0.15301522612571716 0.9625480771064758 0.22380244731903076 5.416888236999512
0.0 0.0 0.0 1.0
0.9862000942230225 -0.14983665943145752 -0.07041532546281815 0.5271129608154297
-0.031535759568214417 0.2475193440914154 -0.9683696627616882 -12.491222381591797
0.16252639889717102 0.9572268128395081 0.23937848210334778 5.622245788574219
0.0 0.0 0.0 1.0
0.9827451705932617 -0.14734168350696564 -0.11181379854679108 -0.0037746429443359375
-0.06874418258666992 0.2702576220035553 -0.9603307843208313 -12.400999069213867
0.17171522974967957 0.9514468908309937 0.2554655075073242 5.812638282775879
0.0 0.0 0.0 1.0
0.9775685667991638 -0.14140142500400543 -0.15609461069107056 -0.5337233543395996
-0.10915475338697433 0.2936926782131195 -0.9496471881866455 -12.303255081176758
0.1801253706216812 0.9453836679458618 0.2716701030731201 6.000849723815918
0.0 0.0 0.0 1.0
0.9704291820526123 -0.13157698512077332 -0.2023729830980301 -1.057462215423584
-0.15222913026809692 0.31704849004745483 -0.9361124038696289 -12.155856132507324
0.1873328685760498 0.9392379522323608 0.28764328360557556 6.174639701843262
0.0 0.0 0.0 1.0
0.9611490964889526 -0.11763040721416473 -0.2497107833623886 -1.5787153244018555
-0.19738590717315674 0.33948424458503723 -0.9196680784225464 -11.997859954833984
0.19295378029346466 0.9332275390625 0.3030764162540436 6.345083236694336
0.0 0.0 0.0 1.0
0.9496254324913025 -0.09954690933227539 -0.2971564829349518 -2.0900802612304688
-0.2440112978219986 0.3601205348968506 -0.9004286527633667 -11.797733306884766
0.19664695858955383 0.9275795221328735 0.31768906116485596 6.502208709716797
0.0 0.0 0.0 1.0
0.9358379244804382 -0.07754484564065933 -0.3437938392162323 -2.5969672203063965
-0.2914733588695526 0.378074049949646 -0.8786941766738892 -11.584647178649902
0.1981177031993866 0.9225220680236816 0.3312137722969055 6.654942512512207
0.0 0.0 0.0 1.0
0.9198542833328247 -0.05207081884145737 -0.38878899812698364 -3.0916571617126465
-0.33913689851760864 0.3924941420555115 -0.8549470901489258 -11.33625602722168
0.19711515307426453 0.9182794690132141 0.3433782756328583 6.79571533203125
0.0 0.0 0.0 1.0
0.9018293619155884 -0.02377955988049507 -0.431437611579895 -3.5796303749084473
-0.3863798975944519 0.40259552001953125 -0.829835832118988 -11.073248863220215
0.1934279203414917 0.9150691628456116 0.3538845479488373 6.931235313415527
0.0 0.0 0.0 1.0
0.8820012807846069 0.006496429443359375 -0.47120219469070435 -4.054077625274658
-0.43260902166366577 0.40768322348594666 -0.804141640663147 -10.780808448791504
0.18687717616558075 0.9131002426147461 0.36238762736320496 7.056185722351074
0.0 0.0 0.0 1.0
0.8606817722320557 0.03778757154941559 -0.507739245891571 -4.519397258758545
-0.47727277874946594 0.4071642756462097 -0.7787349224090576 -10.472626686096191
0.17730672657489777 0.912572979927063 0.3684738278388977 7.17519474029541
0.0 0.0 0.0 1.0
0.8382431268692017 0.06903307139873505 -0.5409095287322998 -4.970520496368408
-0.5198697447776794 0.4005465507507324 -0.7545183897018433 -10.139949798583984
0.16457273066043854 0.9136722087860107 0.3716435730457306 7.2849626541137695
0.0 0.0 0.0 1.0
0.8151019215583801 0.09912523627281189 -0.5707741975784302 -5.409887313842773
-0.559952974319458 0.3874168395996094 -0.7323666214942932 -9.790702819824219
0.1485314965248108 0.916560173034668 0.3712896704673767 7.388200759887695
0.0 0.0 0.0 1.0
0.7911437153816223 0.12868481874465942 -0.5979396104812622 -5.834850311279297
-0.5976981520652771 0.37013429403305054 -0.711166262626648 -9.421151161193848
0.1298016756772995 0.920022189617157 0.3697441518306732 7.483441352844238
0.0 0.0 0.0 1.0
0.7659353017807007 0.15900170803070068 -0.6229459047317505 -6.245048522949219
-0.6335814595222473 0.3512003421783447 -0.6893712878227234 -9.034295082092285
0.10916759073734283 0.9227008819580078 0.3697373569011688 7.5715789794921875
0.0 0.0 0.0 1.0
0.7394197583198547 0.189948171377182 -0.6458933353424072 -6.641058444976807
-0.6676353216171265 0.33046573400497437 -0.6671246886253357 -8.630817413330078
0.08672651648521423 0.924506425857544 0.3711690306663513 7.652898788452148
0.0 0.0 0.0 1.0
0.7115164399147034 0.22138048708438873 -0.6668846011161804 -7.018617630004883
-0.6998776793479919 0.3077945113182068 -0.6445415616035461 -8.209228515625
0.06257452815771103 0.9253395199775696 0.3739401698112488 7.72647762298584
0.0 0.0 0.0 1.0
0.6821247935295105 0.25313761830329895 -0.6860226988792419 -7.382709503173828
-0.7303087711334229 0.2830633223056793 -0.6217106580734253 -7.774421691894531
0.036809470504522324 0.9250926971435547 0.3779531717300415 7.794406890869141
0.0 0.0 0.0 1.0
0.6511273980140686 0.28504157066345215 -0.7034091949462891 -7.723595142364502
-0.7589085698127747 0.25616180896759033 -0.5986976027488708 -7.320551872253418
0.009532861411571503 0.9236516952514648 0.3831144869327545 7.853786468505859
0.0 0.0 0.0 1.0
0.6183929443359375 0.3168962597846985 -0.7191432118415833 -8.05247688293457
-0.785635769367218 0.22699514031410217 -0.5755429267883301 -6.856817245483398
-0.01914536952972412 0.9208962917327881 0.3893372714519501 7.908747673034668
0.0 0.0 0.0 1.0
0.5837813019752502 0.34848612546920776 -0.7333190441131592 -8.351791381835938
-0.8104245662689209 0.19548344612121582 -0.5522663593292236 -6.372927665710449
-0.04910539835691452 0.9167026281356812 0.3965413570404053 7.954109191894531
0.0 0.0 0.0 1.0
0.5471447706222534 0.37957698106765747 -0.7460254430770874 -8.641677856445312
-0.8331856727600098 0.1615646481513977 -0.5288653373718262 -5.882611274719238
-0.0802137479186058 0.9109436273574829 0.40465736389160156 7.996408462524414
0.0 0.0 0.0 1.0
0.5083348751068115 0.4099130928516388 -0.7573420405387878 -8.893376350402832
-0.853803277015686 0.12519708275794983 -0.5053172707557678 -5.371118545532227
-0.11231910437345505 0.9034916162490845 0.4136272072792053 8.027745246887207
0.0 0.0 0.0 1.0
0.46720433235168457 0.4392186403274536 -0.7673377990722656 -9.138447761535645
-0.8721365332603455 0.08635956794023514 -0.4815807640552521 -4.856124401092529
-0.1452522724866867 0.8942198753356934 0.42340612411499023 8.05722713470459
0.0 0.0 0.0 1.0
0.42361345887184143 0.46719589829444885 -0.776066780090332 -9.336578369140625
-0.888017475605011 0.045056477189064026 -0.457597017288208 -4.320707321166992
-0.17882061004638672 0.8830050230026245 0.43396463990211487 8.07474136352539
0.0 0.0 0.0 1.0
0.3774341642856598 0.49352607131004333 -0.7835659384727478 -9.523453712463379
-0.9012531042098999 0.0013199300738051534 -0.4332911968231201 -3.7816967964172363
-0.21280622482299805 0.8697301149368286 0.4452899694442749 8.089705467224121
0.0 0.0 0.0 1.0
0.3285562992095947 0.5178691148757935 -0.789849579334259 -9.667560577392578
-0.9116246700286865 -0.04478703439235687 -0.4085763096809387 -3.229032516479492
-0.24696405231952667 0.8542866706848145 0.45738717913627625 8.094964027404785
0.0 0.0 0.0 1.0
0.2768922448158264 0.5398651361465454 -0.794906497001648 -9.78671646118164
-0.9188905358314514 -0.09316577017307281 -0.3833540380001068 -2.671280860900879
-0.2810175120830536 0.8365797996520996 0.4702800512313843 8.095173835754395
0.0 0.0 0.0 1.0
0.2223835587501526 0.559137225151062 -0.7986934185028076 -9.870771408081055
-0.9227868318557739 -0.1436793953180313 -0.35752028226852417 -2.1063733100891113
-0.31465864181518555 0.8165303468704224 0.48401251435279846 8.088273048400879
0.0 0.0 0.0 1.0
0.1650082916021347 0.5752924680709839 -0.8011309504508972 -9.912044525146484
-0.9230305552482605 -0.19614730775356293 -0.33096933364868164 -1.537796974182129
-0.347543865442276 0.7940810918807983 0.4986465871334076 8.073636054992676
0.0 0.0 0.0 1.0
0.10478801280260086 0.5879275798797607 -0.8020976781845093 -9.930068016052246
-0.9193234443664551 -0.25034233927726746 -0.3036004602909088 -0.9672236442565918
-0.37929409742355347 0.7692008018493652 0.5142627358436584 8.054793357849121
0.0 0.0 0.0 1.0
0.04329171031713486 0.5948458909988403 -0.8026731014251709 -9.884181022644043
-0.9100693464279175 -0.30799412727355957 -0.277332603931427 -0.3990659713745117
-0.4121888279914856 0.7424944639205933 0.5280173420906067 8.025635719299316
0.0 0.0 0.0 1.0
-0.017933614552021027 0.5936490297317505 -0.804524302482605 -9.820097923278809
-0.8937734365463257 -0.37018996477127075 -0.2532358765602112 0.16698431968688965
-0.4481600522994995 0.7145209312438965 0.5372266173362732 7.993677139282227
0.0 0.0 0.0 1.0
-0.07878153771162033 0.58368980884552 -0.8081458806991577 -9.696085929870605
-0.8702682256698608 -0.4356730878353119 -0.22983083128929138 0.7230265140533447
-0.4862373471260071 0.6851971745491028 0.542289674282074 7.952791213989258
0.0 0.0 0.0 1.0
-0.1390167623758316 0.5644132494926453 -0.8137027025222778 -9.546719551086426
-0.8394173979759216 -0.5031114220619202 -0.20556610822677612 1.271543264389038
-0.5254072546958923 0.6544589996337891 0.5437192916870117 7.9082136154174805
0.0 0.0 0.0 1.0
-0.19826728105545044 0.5353769659996033 -0.821012556552887 -9.359375
-0.801172137260437 -0.5710639953613281 -0.17891117930412292 1.8087804317474365
-0.564635694026947 0.6223000288009644 0.5421524047851562 7.858102798461914
0.0 0.0 0.0 1.0
-0.25603047013282776 0.4962926506996155 -0.8295432925224304 -9.137928009033203
-0.7556204199790955 -0.6379632949829102 -0.1484607756137848 2.331573486328125
-0.6028981804847717 0.5888093113899231 0.5383468866348267 7.803084850311279
0.0 0.0 0.0 1.0
-0.3116990625858307 0.44707661867141724 -0.8384308218955994 -8.895662307739258
-0.7030268907546997 -0.7021230459213257 -0.1130325198173523 2.845557689666748
-0.6392158269882202 0.5542072653770447 0.533158004283905 7.7450666427612305
0.0 0.0 0.0 1.0
-0.36459994316101074 0.38790902495384216 -0.8465184569358826 -8.615382194519043
-0.6438573002815247 -0.7617729902267456 -0.07176241278648376 3.3387060165405273
-0.6726921200752258 0.5188725590705872 0.527500331401825 7.681609153747559
0.0 0.0 0.0 1.0
-0.4140404462814331 0.31928738951683044 -0.8524236083030701 -8.326089859008789
-0.5787873268127441 -0.8151198029518127 -0.024185357615351677 3.8269166946411133
-0.7025495767593384 0.48335832357406616 0.5222919583320618 7.616860389709473
0.0 0.0 0.0 1.0
-0.4593641757965088 0.2420676350593567 -0.8546273112297058 -7.9983134269714355
-0.5086938738822937 -0.8604345321655273 0.02971169352531433 4.289267539978027
-0.7281585931777954 0.44839224219322205 0.5183911919593811 7.546588897705078
0.0 0.0 0.0 1.0
-0.5000064373016357 0.15748459100723267 -0.8515821695327759 -7.66633939743042
-0.43462932109832764 -0.8961547613143921 0.08946514129638672 4.748467922210693
-0.7490600347518921 0.4148557484149933 0.5165305137634277 7.47571325302124
0.0 0.0 0.0 1.0
-0.5355446934700012 0.06714281439781189 -0.8418335914611816 -7.3026323318481445
-0.3577796518802643 -0.920994758605957 0.15415021777153015 5.182348251342773
-0.7649742364883423 0.3837452530860901 0.5172562003135681 7.400231838226318
0.0 0.0 0.0 1.0
-0.5657400488853455 -0.027023911476135254 -0.8241407871246338 -6.934208869934082
-0.27941420674324036 -0.9340506792068481 0.22243469953536987 5.611855506896973
-0.7758002877235413 0.3561168313026428 0.5208789110183716 7.324052810668945
0.0 0.0 0.0 1.0
-0.5905671119689941 -0.12282589077949524 -0.7975865602493286 -6.540975093841553
-0.2008267641067505 -0.9348864555358887 0.2926703095436096 6.0183305740356445
-0.7816004753112793 0.3330182135105133 0.5274465084075928 7.244198322296143
0.0 0.0 0.0 1.0
-0.6102264523506165 -0.21791782975196838 -0.7616664171218872 -6.142071723937988
-0.12327732145786285 -0.923593282699585 0.3630127012729645 6.418765068054199
-0.782576858997345 0.3154161274433136 0.5367367267608643 7.16347599029541
0.0 0.0 0.0 1.0
-0.6251437664031982 -0.3099174499511719 -0.7163425087928772 -5.723161697387695
-0.04793883115053177 -0.9008092284202576 0.43156057596206665 6.797881126403809
-0.7790361642837524 0.3041280508041382 0.5482781529426575 7.079692840576172
0.0 0.0 0.0 1.0
-0.6358352899551392 -0.3966716527938843 -0.6620913743972778 -5.298213005065918
0.024280084297060966 -0.8676814436912537 0.49652737379074097 7.169656276702881
-0.771442711353302 0.29963406920433044 0.5613337755203247 6.994944095611572
0.0 0.0 0.0 1.0
-0.6426799297332764 -0.4766303300857544 -0.5998217463493347 -4.85671329498291
0.09297139942646027 -0.8256525993347168 0.556465744972229 7.521333694458008
-0.7604727745056152 0.3018631041049957 0.5749433040618896 6.907549858093262
0.0 0.0 0.0 1.0
-0.6460795402526855 -0.5485883951187134 -0.5306901931762695 -4.408971786499023
0.15788431465625763 -0.776301383972168 0.6102693676948547 7.86438512802124
-0.7467622756958008 0.31049495935440063 0.588165819644928 6.8191022872924805
0.0 0.0 0.0 1.0
-0.6464532613754272 -0.6116575598716736 -0.4560408592224121 -3.9473514556884766
0.2188614010810852 -0.7212777733802795 0.6571590304374695 8.188260078430176
-0.7308884263038635 0.3250128924846649 0.6001406311988831 6.728309631347656
0.0 0.0 0.0 1.0
-0.6442247629165649 -0.6652780175209045 -0.37733232975006104 -3.4791855812072754
0.2758235037326813 -0.6622376441955566 0.6966798305511475 8.501835823059082
-0.7133694291114807 0.3447413146495819 0.6101291179656982 6.636335849761963
0.0 0.0 0.0 1.0
-0.6398105621337891 -0.709214448928833 -0.2960699200630188 -2.999420166015625
0.32875633239746094 -0.6007818579673767 0.7286840081214905 8.797142028808594
-0.6946666240692139 0.3688849210739136 0.6175453066825867 6.542266368865967
0.0 0.0 0.0 1.0
-0.633612871170044 -0.7435379028320312 -0.21374273300170898 -2.512533664703369
0.3776973485946655 -0.5384075045585632 0.7533007860183716 9.079582214355469
-0.675188422203064 0.39657101035118103 0.6219742298126221 6.446805000305176
0.0 0.0 0.0 1.0
-0.6260135769844055 -0.7685986161231995 -0.13176901638507843 -2.0162363052368164
0.42272427678108215 -0.47646674513816833 0.7708979845046997 9.34501838684082
-0.6552945971488953 0.42689067125320435 0.623180091381073 6.3495073318481445
0.0 0.0 0.0 1.0
-0.6173706650733948 -0.7849880456924438 -0.05145176500082016 -1.5118703842163086
0.46394503116607666 -0.41613781452178955 0.7820385694503784 9.593470573425293
-0.6353020071983337 0.458936870098114 0.6211025714874268 6.250482559204102
0.0 0.0 0.0 1.0
-0.6080149412155151 -0.7934979200363159 0.02605476602911949 -1.0004339218139648
0.5014882683753967 -0.3584078550338745 0.7874347567558289 9.827054977416992
-0.6154896020889282 0.4918382167816162 0.6158472895622253 6.149946212768555
0.0 0.0 0.0 1.0
-0.5982509851455688 -0.7950741052627563 0.0997643768787384 -0.4795961380004883
0.5354960560798645 -0.30406811833381653 0.7879001498222351 10.037035942077637
-0.5961037874221802 0.5247853994369507 0.6076681613922119 6.047172546386719
0.0 0.0 0.0 1.0
-0.5883563160896301 -0.7907713651657104 0.1688709557056427 0.04566240310668945
0.5661171078681946 -0.2537163197994232 0.7843083143234253 10.235923767089844
-0.5773633122444153 0.5570533871650696 0.5969449281692505 5.94334602355957
0.0 0.0 0.0 1.0
-0.5785795450210571 -0.7817123532295227 0.2327478975057602 0.5818653106689453
0.5935019254684448 -0.20776736736297607 0.7775527834892273 10.400681495666504
-0.5594651699066162 0.5880123972892761 0.5841577649116516 5.836554527282715
0.0 0.0 0.0 1.0
-0.569144070148468 -0.7690452337265015 0.29093748331069946 1.1211376190185547
0.6177976727485657 -0.16647478938102722 0.7685129642486572 10.554149627685547
-0.542587399482727 0.6171350479125977 0.5698625445365906 5.728844165802002
0.0 0.0 0.0 1.0
-0.5602463483810425 -0.7539106607437134 0.34313660860061646 1.6692805290222168
0.6391451358795166 -0.1299513578414917 0.7580277919769287 10.67051887512207
-0.5268941521644592 0.6439963579177856 0.5546632409095764 5.618265151977539
0.0 0.0 0.0 1.0
-0.5520579814910889 -0.7374134659767151 0.38917022943496704 2.221302032470703
0.6576749086380005 -0.09819957613945007 0.7468737959861755 10.761301040649414
-0.5125384330749512 0.6682651042938232 0.5391902327537537 5.506007194519043
0.0 0.0 0.0 1.0
-0.5447255969047546 -0.7205962538719177 0.4289698600769043 2.777146339416504
0.6735053062438965 -0.07113608717918396 0.7357515692710876 10.826809883117676
-0.4996645450592041 0.6896960735321045 0.5240750312805176 5.392093658447266
0.0 0.0 0.0 1.0
-0.5383703708648682 -0.7044234275817871 0.46254199743270874 3.3359785079956055
0.6867398023605347 -0.04862132668495178 0.7252753973007202 10.836416244506836
-0.488411545753479 0.7081127166748047 0.5099318623542786 5.275349140167236
0.0 0.0 0.0 1.0
-0.5330877304077148 -0.6897667050361633 0.48993808031082153 3.893094539642334
0.6974658370018005 -0.030488401651382446 0.7159692049026489 10.810019493103027
-0.4789142906665802 0.7233895063400269 0.4973416328430176 5.157386779785156
0.0 0.0 0.0 1.0
-0.5289478898048401 -0.6773945093154907 0.5112249851226807 4.446933746337891
0.7057523131370544 -0.01656857319176197 0.7082648873329163 10.740145683288574
-0.47130441665649414 0.7354333996772766 0.48683661222457886 5.038166046142578
0.0 0.0 0.0 1.0
-0.5259934067726135 -0.6679644584655762 0.5264545679092407 4.985790729522705
0.7116484642028809 -0.006716221570968628 0.7025036215782166 10.593459129333496
-0.46571165323257446 0.7441628575325012 0.4788886308670044 4.918382167816162
0.0 0.0 0.0 1.0
-0.524237334728241 -0.6620154976844788 0.5356404185295105 5.50223445892334
0.7151832580566406 -0.0008265377255156636 0.6989363431930542 10.383666038513184
-0.46226397156715393 0.7494897246360779 0.47389569878578186 4.800199031829834
0.0 0.0 0.0 1.0
-0.5236615538597107 -0.6599627733230591 0.5387279391288757 5.990794658660889
0.7163636684417725 0.0011400878429412842 0.6977261304855347 10.114789962768555
-0.4610874652862549 0.7512974739074707 0.4721764028072357 4.685001373291016
0.0 0.0 0.0 1.0
-0.560958981513977 -0.7045731544494629 0.4346281588077545 6.4455132484436035
0.6356649994850159 -0.030262619256973267 0.7713715434074402 9.789350509643555
-0.5303346514701843 0.7089858055114746 0.4648486375808716 4.5742058753967285
0.0 0.0 0.0 1.0
-0.5967156887054443 -0.7925037145614624 0.12596926093101501 6.861729145050049
0.3817474842071533 -0.1422746777534485 0.9132506251335144 9.412590026855469
-0.7058323621749878 0.5930394530296326 0.38743382692337036 4.469092845916748
0.0 0.0 0.0 1.0
-0.464000940322876 -0.8237323760986328 -0.32583457231521606 7.224507808685303
-0.031222745776176453 -0.35239118337631226 0.9353318214416504 8.982133865356445
-0.8852843046188354 0.4441683888435364 0.13779067993164062 4.372796058654785
0.0 0.0 0.0 1.0
-0.047978609800338745 -0.713997483253479 -0.6985024809837341 7.547846794128418
-0.448345422744751 -0.6095077991485596 0.653824508190155 8.520862579345703
-0.892571747303009 0.3445400893688202 -0.2908742129802704 4.283491134643555
0.0 0.0 0.0 1.0
0.5335578322410583 -0.4796087145805359 -0.696628749370575 7.8347063064575195
-0.5973638296127319 -0.7967867851257324 0.0910351425409317 8.034828186035156
-0.5987257957458496 0.36756834387779236 -0.7116326093673706 4.200873374938965
0.0 0.0 0.0 1.0
0.9406144618988037 -0.23876413702964783 -0.24132147431373596 8.088247299194336
-0.3268645703792572 -0.8289469480514526 -0.45387932658195496 7.52896785736084
-0.09167259186506271 0.5058048963546753 -0.8577631711959839 4.124528408050537
0.0 0.0 0.0 1.0
0.9124957919120789 -0.10252392292022705 0.3960304856300354 8.299144744873047
0.20237867534160614 -0.7281897664070129 -0.6548148393630981 7.002537727355957
0.35551950335502625 0.677664041519165 -0.6437215209007263 4.056520938873291
0.0 0.0 0.0 1.0
0.519872784614563 -0.08772605657577515 0.8497272729873657 8.479938507080078
0.6640692353248596 -0.5842068791389465 -0.4665986895561218 6.464698314666748
0.5373493432998657 0.8068497180938721 -0.24545708298683167 3.994621515274048
0.0 0.0 0.0 1.0
0.04953279718756676 -0.1397079974412918 0.988953173160553 8.637378692626953
0.8765779137611389 -0.4684996008872986 -0.11008858680725098 5.918946743011475
0.4787043333053589 0.8723474144935608 0.09925884008407593 3.9375381469726562
0.0 0.0 0.0 1.0
-0.2749432325363159 -0.19757775962352753 0.9409407377243042 8.767494201660156
0.8975487947463989 -0.4036014676094055 0.17751631140708923 5.365170001983643
0.3446916937828064 0.8933471441268921 0.2883031368255615 3.8861920833587646
0.0 0.0 0.0 1.0
-0.38562798500061035 -0.22470727562904358 0.8948731422424316 8.868959426879883
0.8788776993751526 -0.38466763496398926 0.28214308619499207 4.805066108703613
0.2808290719985962 0.8952862024307251 0.3458288311958313 3.841062307357788
0.0 0.0 0.0 1.0
-0.37317776679992676 -0.23740506172180176 0.8968707919120789 8.953855514526367
0.8843861222267151 -0.3831534683704376 0.2665608525276184 4.241977691650391
0.2803562581539154 0.8926545977592468 0.3529420495033264 3.799605131149292
0.0 0.0 0.0 1.0
-0.33846381306648254 -0.2624490261077881 0.9036386013031006 9.017803192138672
0.8987720608711243 -0.37455272674560547 0.22785747051239014 3.6755948066711426
0.27865931391716003 0.8892866969108582 0.36265432834625244 3.7628445625305176
0.0 0.0 0.0 1.0
-0.2853334844112396 -0.29587918519973755 0.911614179611206 9.05797004699707
0.9181413650512695 -0.3572540283203125 0.1714237630367279 3.1068148612976074
0.2749570906162262 0.8859035968780518 0.37359535694122314 3.7315962314605713
0.0 0.0 0.0 1.0
-0.21789827942848206 -0.3331534266471863 0.917349100112915 9.085108757019043
0.9383808374404907 -0.3298676908016205 0.10309600830078125 2.5371289253234863
0.2682569622993469 0.8832871913909912 0.3845024108886719 3.703432083129883
0.0 0.0 0.0 1.0
-0.14082802832126617 -0.3696351945400238 0.9184429049491882 9.093002319335938
0.9559097290039062 -0.2922290861606598 0.028962865471839905 1.966496467590332
0.25769004225730896 0.8820273280143738 0.39449191093444824 3.6798863410949707
0.0 0.0 0.0 1.0
-0.05932953953742981 -0.4012785851955414 0.9140326380729675 9.081642150878906
0.9682462215423584 -0.2458958476781845 -0.04510468244552612 1.3958606719970703
0.24285635352134705 0.8823325037956238 0.40312546491622925 3.6611294746398926
0.0 0.0 0.0 1.0
0.021163731813430786 -0.42532575130462646 0.9047929644584656 9.058507919311523
0.9743331074714661 -0.19409316778182983 -0.11402984708547592 0.8254776000976562
0.22411391139030457 0.8839829564094543 0.41030123829841614 3.645350456237793
0.0 0.0 0.0 1.0
0.09545077383518219 -0.440771222114563 0.8925299644470215 9.01604175567627
0.9745690226554871 -0.14123791456222534 -0.17397397756576538 0.2559928894042969
0.20274177193641663 0.8864381313323975 0.4160807728767395 3.6345624923706055
0.0 0.0 0.0 1.0
0.15897884964942932 -0.4484190344810486 0.8795716166496277 8.956523895263672
0.9705638885498047 -0.09227246046066284 -0.22246715426445007 -0.31191253662109375
0.18091872334480286 0.8890479207038879 0.4205499291419983 3.6283483505249023
0.0 0.0 0.0 1.0
0.20803400874137878 -0.45049428939819336 0.8682031631469727 8.884600639343262
0.9646954536437988 -0.05206504464149475 -0.2581704556941986 -0.8784313201904297
0.16150738298892975 0.8912598490715027 0.42375847697257996 3.6255130767822266
0.0 0.0 0.0 1.0
0.2395917773246765 -0.4499066472053528 0.8603370785713196 8.793274879455566
0.9595745205879211 -0.02506682649254799 -0.28033652901649475 -1.4422492980957031
0.14769111573696136 0.8927238583564758 0.42571312189102173 3.6280879974365234
0.0 0.0 0.0 1.0
0.25081199407577515 -0.449307382106781 0.8574475049972534 8.68290901184082
0.957489013671875 -0.015250027179718018 -0.2880663275718689 -2.00247859954834
0.14250639081001282 0.8932470679283142 0.42638200521469116 3.6361770629882812
0.0 0.0 0.0 1.0
0.25081199407577515 -0.449307382106781 0.8574475049972534 8.557048797607422
0.957489013671875 -0.015250027179718018 -0.2880663275718689 -2.559293746948242
0.14250639081001282 0.8932470679283142 0.42638200521469116 3.6488609313964844
0.0 0.0 0.0 1.0
